%YAML:1.0
---
K1: !!opencv-matrix
   rows: 3
   cols: 3
   dt: d
   data: [ 8.6695970584860913e+02, 0., 3.2520984668966486e+02, 0.,
       8.6549630257261356e+02, 2.5280814145107297e+02, 0., 0., 1. ]
K2: !!opencv-matrix
   rows: 3
   cols: 3
   dt: d
   data: [ 8.5945316331143306e+02, 0., 3.2076072662964054e+02, 0.,
       8.5787938031314934e+02, 2.6090203941104255e+02, 0., 0., 1. ]
D1: !!opencv-matrix
   rows: 1
   cols: 5
   dt: d
   data: [ -6.6126577678847831e-02, -7.2477635564888143e-01,
       1.5802114480272555e-03, -3.8055562456848239e-03,
       3.6097133563773176e+00 ]
D2: !!opencv-matrix
   rows: 1
   cols: 5
   dt: d
   data: [ -5.8880685613598452e-02, -3.8744931700168056e-01,
       3.2214754575946884e-03, -8.3058925285897200e-04,
       1.1711746810580330e+00 ]
R: !!opencv-matrix
   rows: 3
   cols: 3
   dt: d
   data: [ 9.9990649836265411e-01, -2.4232054602801997e-03,
       -1.3458179945030953e-02, 2.2581002480773554e-03,
       9.9992217475688638e-01, -1.2269694891410270e-02,
       1.3486864550561709e-02, 1.2238157735375635e-02,
       9.9983415223717920e-01 ]
T: [ -6.2480898485110875e-02, -2.8321521500455885e-03,
    -1.5542628575785899e-02 ]
E: !!opencv-matrix
   rows: 3
   cols: 3
   dt: d
   data: [ -3.1000389914906401e-06, 1.5506758642195523e-02,
       -3.0223857543829427e-03, -1.4698503899699317e-02,
       8.0231407354073095e-04, 6.2679711660069790e-02,
       2.6907992068130218e-03, -6.2482898780550647e-02,
       7.2850594768646864e-04 ]
F: !!opencv-matrix
   rows: 3
   cols: 3
   dt: d
   data: [ -3.4612411524246328e-08, 1.7342808383258431e-04,
       -7.3088678353605885e-02, -1.6441211617168863e-04,
       8.9895674164385622e-06, 6.5903204400472049e-01,
       6.8727270360091977e-02, -6.5856941161153948e-01, 1. ]
R1: !!opencv-matrix
   rows: 3
   cols: 3
   dt: d
   data: [ 9.7274910670339210e-01, 4.4543990653256114e-02,
       2.2754122330785567e-01, -4.3152282350028007e-02,
       9.9900695411129004e-01, -1.1089912770903702e-02,
       -2.2780925340235034e-01, 9.6877962686375135e-04,
       9.7370529706390041e-01 ]
R2: !!opencv-matrix
   rows: 3
   cols: 3
   dt: d
   data: [ 9.6948792309962484e-01, 4.3945227620312520e-02,
       2.4116795793258855e-01, -4.5419796605388203e-02,
       9.9896783381880583e-01, 5.5594216236948702e-04,
       -2.4089460151755385e-01, -1.1492778809394104e-02,
       9.7048323375261736e-01 ]
P1: !!opencv-matrix
   rows: 3
   cols: 4
   dt: d
   data: [ 8.4689775525679602e+02, 0., 8.7822877883911133e+01, 0., 0.,
       8.4689775525679602e+02, 2.6373591804504395e+02, 0., 0., 0., 1.,
       0. ]
P2: !!opencv-matrix
   rows: 3
   cols: 4
   dt: d
   data: [ 8.4689775525679602e+02, 0., 8.7822877883911133e+01,
       -5.4580290700568732e+01, 0., 8.4689775525679602e+02,
       2.6373591804504395e+02, 0., 0., 0., 1., 0. ]
Q: !!opencv-matrix
   rows: 4
   cols: 4
   dt: d
   data: [ 1., 0., 0., -8.7822877883911133e+01, 0., 1., 0.,
       -2.6373591804504395e+02, 0., 0., 0., 8.4689775525679602e+02, 0.,
       0., 1.5516549003062956e+01, 0. ]
