%YAML:1.0
---
K1: !!opencv-matrix
   rows: 3
   cols: 3
   dt: d
   data: [ 8.5288725629143630e+02, 0., 3.0643599204581142e+02, 0.,
       8.5227254141812784e+02, 1.9216832074242865e+02, 0., 0., 1. ]
K2: !!opencv-matrix
   rows: 3
   cols: 3
   dt: d
   data: [ 8.5415984779252938e+02, 0., 3.4867674678376227e+02, 0.,
       8.5349629948565450e+02, 2.4468826868142875e+02, 0., 0., 1. ]
D1: !!opencv-matrix
   rows: 1
   cols: 5
   dt: d
   data: [ -1.0649635629831601e-01, -3.6728089014853732e-01,
       -1.5695332925584570e-03, 1.7983436298431397e-04,
       2.1596464931174637e+00 ]
D2: !!opencv-matrix
   rows: 1
   cols: 5
   dt: d
   data: [ -1.2037974322279699e-01, -4.8370276407667709e-02,
       7.2142187650657661e-04, 1.6781445283432885e-03,
       1.2994762646050018e-01 ]
R: !!opencv-matrix
   rows: 3
   cols: 3
   dt: d
   data: [ 9.9991942487208108e-01, 7.9692843129310379e-04,
       -1.2669201575554409e-02, -1.0243160537339187e-03,
       9.9983833023966928e-01, -1.7951717471374765e-02,
       1.2652847114728629e-02, 1.7963248276004977e-02,
       9.9975858444489785e-01 ]
T: [ -6.2477143005474696e-02, 5.6490438066659316e-04,
    3.9073611804211206e-03 ]
E: !!opencv-matrix
   rows: 3
   cols: 3
   dt: d
   data: [ 1.1150021547856935e-05, -3.8965819606334396e-03,
       6.3491184793149221e-04, 4.6975600829074907e-03,
       1.1254063185988184e-03, 6.2412556904891579e-02,
       -5.0086252285192140e-04, -6.2467492529100770e-02,
       1.1287289071225386e-03 ]
F: !!opencv-matrix
   rows: 3
   cols: 3
   dt: d
   data: [ -5.9812891964060188e-09, 2.0917801567589026e-06,
       -6.9062629200942604e-04, -2.5219063073921903e-06,
       -6.0461522940185115e-07, -2.7688244144130864e-02,
       8.4866330343501999e-04, 2.8062045272490666e-02, 1. ]
R1: !!opencv-matrix
   rows: 3
   cols: 3
   dt: d
   data: [ 9.9714850244504960e-01, -9.3481743589007571e-03,
       -7.4883080250150988e-02, 8.6719724858824610e-03,
       9.9991868226602121e-01, -9.3501737196668919e-03,
       7.4964397981969147e-02, 8.6741277105794618e-03,
       9.9714848369922382e-01 ]
R2: !!opencv-matrix
   rows: 3
   cols: 3
   dt: d
   data: [ 9.9800941608927141e-01, -9.0237783607667859e-03,
       -6.2416158334580411e-02, 9.5865966030901119e-03,
       9.9991599448859791e-01, 8.7235962451231632e-03,
       6.2332195234254956e-02, -9.3045897262621496e-03,
       9.9801208512086892e-01 ]
P1: !!opencv-matrix
   rows: 3
   cols: 4
   dt: d
   data: [ 8.3092940736526134e+02, 0., 3.9470450210571289e+02, 0., 0.,
       8.3092940736526134e+02, 2.1919380187988281e+02, 0., 0., 0., 1.,
       0. ]
P2: !!opencv-matrix
   rows: 3
   cols: 4
   dt: d
   data: [ 8.3092940736526134e+02, 0., 3.9470450210571289e+02,
       -5.2017640890444355e+01, 0., 8.3092940736526134e+02,
       2.1919380187988281e+02, 0., 0., 0., 1., 0. ]
Q: !!opencv-matrix
   rows: 4
   cols: 4
   dt: d
   data: [ 1., 0., 0., -3.9470450210571289e+02, 0., 1., 0.,
       -2.1919380187988281e+02, 0., 0., 0., 8.3092940736526134e+02, 0.,
       0., 1.5973992536787710e+01, 0. ]
