%YAML:1.0
---
K: !!opencv-matrix
   rows: 3
   cols: 3
   dt: d
   data: [ 8.6695970584860913e+02, 0., 3.2520984668966486e+02, 0.,
       8.6549630257261356e+02, 2.5280814145107297e+02, 0., 0., 1. ]
D: !!opencv-matrix
   rows: 1
   cols: 5
   dt: d
   data: [ -6.6126577678847831e-02, -7.2477635564888143e-01,
       1.5802114480272555e-03, -3.8055562456848239e-03,
       3.6097133563773176e+00 ]
board_width: 9
board_height: 6
square_size: 2.4499999359250069e-02
