%YAML:1.0
---
K: !!opencv-matrix
   rows: 3
   cols: 3
   dt: d
   data: [ 8.5945316331143306e+02, 0., 3.2076072662964054e+02, 0.,
       8.5787938031314934e+02, 2.6090203941104255e+02, 0., 0., 1. ]
D: !!opencv-matrix
   rows: 1
   cols: 5
   dt: d
   data: [ -5.8880685613598452e-02, -3.8744931700168056e-01,
       3.2214754575946884e-03, -8.3058925285897200e-04,
       1.1711746810580330e+00 ]
board_width: 9
board_height: 6
square_size: 2.4499999359250069e-02
