%YAML:1.0
K1: !!opencv-matrix
   rows: 3
   cols: 3
   dt: d
   data: [ 8.5286717254459222e+02, 0., 3.0645903215567245e+02, 0.,
       8.5225374708902450e+02, 1.9215288698558066e+02, 0., 0., 1. ]
K2: !!opencv-matrix
   rows: 3
   cols: 3
   dt: d
   data: [ 8.5418896236636874e+02, 0., 3.4871700414188876e+02, 0.,
       8.5352535090227741e+02, 2.4468481836139154e+02, 0., 0., 1. ]
D1: !!opencv-matrix
   rows: 1
   cols: 5
   dt: d
   data: [ -1.0639015138889012e-01, -3.6958035225936253e-01,
       -1.5680861451995169e-03, 1.8659144860400600e-04,
       2.1706544677119259e+00 ]
D2: !!opencv-matrix
   rows: 1
   cols: 5
   dt: d
   data: [ -1.2023898979545042e-01, -4.9546064945561151e-02,
       7.1847680223921008e-04, 1.6855486638111758e-03,
       1.2848071975780428e-01 ]
R: !!opencv-matrix
   rows: 3
   cols: 3
   dt: d
   data: [ 9.9991928357150661e-01, 7.9723442766291600e-04,
       -1.2680329613711303e-02, -1.0249862371491626e-03,
       9.9983809660766254e-01, -1.7964686893462159e-02,
       1.2663954558457232e-02, 1.7976234011433688e-02,
       9.9975821040174884e-01 ]
T: [ -5.9312053964778115e-02, 5.3535858117091520e-04,
    3.7469227178552147e-03 ]
E: !!opencv-matrix
   rows: 3
   cols: 3
   dt: d
   data: [ 1.0620300961891737e-05, -3.7366923472212103e-03,
       6.0254143047492280e-04, 4.4977454358143014e-03,
       1.0691945375581012e-03, 5.9250200711979013e-02,
       -4.7452132992733387e-04, -5.9302877948326768e-02,
       1.0723110017561458e-03 ]
F: !!opencv-matrix
   rows: 3
   cols: 3
   dt: d
   data: [ -6.0041227346203001e-09, 2.1140368776004086e-06,
       -6.9490162596046135e-04, -2.5447500951314109e-06,
       -6.0536802493841563e-07, -2.7694298120681745e-02,
       8.5390681046701943e-04, 2.8069521830604318e-02,
       9.9999999999999989e-01 ]
R1: !!opencv-matrix
   rows: 3
   cols: 3
   dt: d
   data: [ 9.9710032965227269e-01, -9.3440455599196684e-03,
       -7.5522323983727366e-02, 8.6615720080733018e-03,
       9.9991868785098836e-01, -9.3592123977832078e-03,
       7.5603636008315725e-02, 8.6779317197131778e-03,
       9.9710018740515238e-01 ]
R2: !!opencv-matrix
   rows: 3
   cols: 3
   dt: d
   data: [ 9.9797004584130655e-01, -9.0078119383615804e-03,
       -6.3044800956013711e-02, 9.5767203778625316e-03,
       9.9991605495155889e-01, 8.7275126419498229e-03,
       6.2960892864575124e-02, -9.3135586214009927e-03,
       9.9797253649361573e-01 ]
P1: !!opencv-matrix
   rows: 3
   cols: 4
   dt: d
   data: [ 8.3098561222089552e+02, 0., 3.9532855796813965e+02, 0., 0.,
       8.3098561222089552e+02, 2.1918457603454590e+02, 0., 0., 0., 1.,
       0. ]
P2: !!opencv-matrix
   rows: 3
   cols: 4
   dt: d
   data: [ 8.3098561222089552e+02, 0., 3.9532855796813965e+02,
       -4.9387718280111024e+01, 0., 8.3098561222089552e+02,
       2.1918457603454590e+02, 0., 0., 0., 1., 0. ]
Q: !!opencv-matrix
   rows: 4
   cols: 4
   dt: d
   data: [ 1., 0., 0., -3.9532855796813965e+02, 0., 1., 0.,
       -2.1918457603454590e+02, 0., 0., 0., 8.3098561222089552e+02, 0.,
       0., 1.6825754279795156e+01, 0. ]
